0 0.106944 0.124479 0.213889 0.240625
0 0.597222 0.134375 0.113889 0.062500
0 0.425694 0.250000 0.173611 0.250000
0 0.485417 0.419792 0.212500 0.164583
0 0.777778 0.114062 0.080556 0.061458
0 0.759722 0.222396 0.108333 0.136458
0 0.756944 0.368229 0.122222 0.123958
0 0.752778 0.478125 0.108333 0.125000
0 0.741667 0.752083 0.116667 0.495833
0 0.516667 0.658854 0.291667 0.242708
0 0.255556 0.323958 0.180556 0.243750
0 0.067361 0.310937 0.073611 0.040625
0 0.262500 0.536458 0.183333 0.139583
0 0.240972 0.617708 0.118056 0.066667
0 0.395833 0.802604 0.511111 0.394792
