0 0.439583 0.180729 0.065278 0.026042
0 0.638194 0.118229 0.087500 0.028125
0 0.620139 0.162500 0.118056 0.037500
0 0.595833 0.192708 0.069444 0.022917
0 0.605556 0.213542 0.083333 0.014583
0 0.550000 0.292187 0.061111 0.034375
0 0.665278 0.195833 0.061111 0.064583
0 0.138194 0.293229 0.062500 0.040625
0 0.045833 0.199479 0.036111 0.021875
0 0.011111 0.246354 0.022222 0.051042
0 0.041667 0.250000 0.025000 0.060417
0 0.492361 0.177604 0.051389 0.036458
0 0.530556 0.201563 0.030556 0.067708
0 0.458333 0.213542 0.091667 0.035417
0 0.734722 0.181250 0.052778 0.072917
0 0.807639 0.290104 0.073611 0.021875
0 0.943056 0.206250 0.016667 0.064583
0 0.704861 0.255208 0.109722 0.031250
0 0.207639 0.280208 0.043056 0.054167
0 0.472222 0.289583 0.088889 0.035417
0 0.669444 0.293229 0.163889 0.023958
0 0.552083 0.252083 0.193056 0.037500
0 0.204861 0.216667 0.056944 0.031250
