0 0.836111 0.342708 0.141667 0.070833
0 0.521528 0.180729 0.095833 0.032292
0 0.365972 0.189583 0.120833 0.047917
0 0.422222 0.228125 0.072222 0.025000
0 0.563194 0.219271 0.181944 0.032292
0 0.802083 0.173958 0.359722 0.037500
0 0.259028 0.325521 0.084722 0.053125
0 0.184722 0.207813 0.227778 0.067708
0 0.225694 0.167187 0.118056 0.065625
0 0.245833 0.273958 0.066667 0.035417
0 0.531250 0.261979 0.129167 0.042708
0 0.525694 0.334896 0.126389 0.107292
0 0.839583 0.290104 0.131944 0.069792
0 0.865972 0.253646 0.106944 0.030208
0 0.979167 0.179167 0.041667 0.025000
0 0.678472 0.243229 0.143056 0.030208
0 0.837500 0.217708 0.300000 0.035417
