0 0.294444 0.160938 0.200000 0.098958
0 0.312500 0.258333 0.133333 0.112500
0 0.398611 0.289583 0.091667 0.020833
0 0.438194 0.254688 0.123611 0.059375
0 0.570139 0.286979 0.081944 0.017708
0 0.818056 0.211979 0.213889 0.098958
0 0.805556 0.251563 0.144444 0.028125
0 0.795833 0.278125 0.116667 0.020833
0 0.804167 0.346875 0.147222 0.050000
0 0.789583 0.393229 0.123611 0.051042
0 0.052778 0.301563 0.105556 0.021875
0 0.063889 0.325521 0.127778 0.028125
0 0.456944 0.321875 0.141667 0.020833
0 0.672222 0.307812 0.094444 0.015625
0 0.812500 0.297917 0.163889 0.018750
0 0.424306 0.367188 0.118056 0.055208
0 0.437500 0.429688 0.130556 0.067708
0 0.275694 0.385417 0.131944 0.131250
