0 0.070139 0.415625 0.037500 0.043750
0 0.245833 0.378646 0.169444 0.063542
0 0.242361 0.423438 0.190278 0.069792
0 0.228472 0.465625 0.134722 0.054167
0 0.200000 0.501042 0.083333 0.031250
0 0.471528 0.471875 0.365278 0.066667
0 0.527083 0.510417 0.170833 0.081250
0 0.415972 0.537500 0.268056 0.056250
0 0.517361 0.629687 0.170833 0.063542
0 0.794444 0.653125 0.122222 0.079167
0 0.360417 0.500000 0.148611 0.052083
0 0.308333 0.605729 0.125000 0.057292
0 0.502083 0.573438 0.645833 0.082292
0 0.943056 0.453125 0.113889 0.052083
0 0.952083 0.529167 0.095833 0.093750
0 0.966667 0.582812 0.066667 0.034375
0 0.942361 0.613021 0.109722 0.036458
0 0.904167 0.667188 0.119444 0.086458
