0 0.252778 0.163021 0.252778 0.148958
0 0.547222 0.277604 0.269444 0.119792
0 0.382639 0.324479 0.520833 0.286458
0 0.209028 0.620313 0.409722 0.251042
0 0.240972 0.430729 0.409722 0.255208
0 0.404861 0.566146 0.304167 0.259375
0 0.783333 0.428646 0.188889 0.132292
0 0.709722 0.561458 0.175000 0.127083
0 0.642361 0.735417 0.176389 0.152083
0 0.893056 0.783333 0.213889 0.150000
0 0.897222 0.680729 0.202778 0.134375
0 0.950000 0.550000 0.097222 0.062500
0 0.944444 0.615104 0.108333 0.076042
0 0.974306 0.469792 0.048611 0.108333
