0 0.280556 0.060937 0.127778 0.053125
0 0.338889 0.008333 0.063889 0.016667
0 0.311806 0.155729 0.045833 0.042708
0 0.400000 0.161458 0.138889 0.047917
0 0.653472 0.210938 0.059722 0.028125
0 0.434722 0.358333 0.052778 0.041667
0 0.339583 0.349479 0.073611 0.036458
0 0.392361 0.190104 0.056944 0.026042
0 0.093750 0.193750 0.031944 0.014583
0 0.128472 0.272917 0.031944 0.014583
0 0.121528 0.317708 0.040278 0.016667
0 0.072222 0.282813 0.072222 0.034375
0 0.043750 0.243750 0.054167 0.041667
0 0.109028 0.249479 0.062500 0.034375
0 0.341667 0.206771 0.063889 0.028125
0 0.434028 0.198437 0.029167 0.028125
0 0.451389 0.270833 0.019444 0.133333
0 0.281250 0.341146 0.045833 0.036458
0 0.552083 0.367708 0.140278 0.047917
0 0.518056 0.186979 0.108333 0.036458
