0 0.269444 0.080729 0.313889 0.119792
0 0.257639 0.180729 0.281944 0.115625
0 0.463194 0.146875 0.112500 0.108333
0 0.045833 0.321875 0.080556 0.072917
0 0.288889 0.271354 0.386111 0.171875
0 0.813889 0.117708 0.194444 0.145833
0 0.619444 0.194271 0.158333 0.132292
0 0.858333 0.232292 0.283333 0.100000
0 0.353472 0.611458 0.170833 0.185417
0 0.329167 0.478646 0.194444 0.080208
0 0.448611 0.419792 0.127778 0.100000
0 0.321528 0.407813 0.154167 0.098958
0 0.620139 0.636458 0.193056 0.187500
0 0.879167 0.333854 0.241667 0.103125
0 0.683333 0.482292 0.072222 0.122917
0 0.656944 0.328646 0.208333 0.078125
0 0.622222 0.388021 0.080556 0.211458
0 0.549306 0.502083 0.059722 0.075000
