0 0.858333 0.254167 0.283333 0.456250
0 0.586806 0.055729 0.079167 0.069792
0 0.562500 0.273958 0.091667 0.370833
0 0.548611 0.517708 0.075000 0.110417
0 0.628472 0.583333 0.073611 0.104167
0 0.749306 0.714063 0.120833 0.144792
0 0.906250 0.875521 0.187500 0.248958
0 0.499306 0.280729 0.043056 0.248958
0 0.017361 0.208854 0.034722 0.063542
0 0.069444 0.238542 0.038889 0.050000
0 0.066667 0.167187 0.041667 0.015625
0 0.065278 0.199479 0.041667 0.017708
0 0.099306 0.150521 0.034722 0.032292
0 0.143056 0.161458 0.044444 0.039583
0 0.109722 0.210417 0.033333 0.079167
0 0.254861 0.157812 0.070833 0.040625
0 0.204167 0.260937 0.069444 0.032292
0 0.016667 0.255729 0.030556 0.032292
0 0.007639 0.142708 0.015278 0.022917
